248804
248701
248655
248631
248610
248586
248515
248495
248482
248462
248453
248445
248438
248411
248367
248269
248267
248241
248227
248215
248187
248169
248158
248113
248105
248086
248048
248044
248020
247996
247992
247986
247968
247964
247945
247885
247880
247870
247857
247829
247750
247721
247707
247696
247641
247630
247617
247615
247565
247564
247531
247521
247508
247500
247489
247393
247379
247376
247360
247351
247310
247309
247293
247287
247284
247280
247268
247259
247240
247152
247132
247093
247060
247055
247035
247031
247009
246991
246941
246872
246841
246794
246772
246770
246715
246664
246635
246628
246619
246512
246453
246418
246386
246344
246290
246246
246211
246189
246180
246150
246146
246088
246081
246076
246074
246069
246019
246014
245747
245736
245712
245639
245528
245464
245449
245430
245324
245071
245002
245000
244967
244794
244605
244323
243423
243342
243255
242935
241425
238899
